      Assignment         w1         w2         w3   Data Height 

            ?-?-?     20.725     20.734      0.878     45185708 
            ?-?-?     23.560     20.802      0.880      2379496 
            ?-?-?     25.702     20.716      0.880      1423664 
            ?-?-?     21.156     21.158      0.863     46732440 
            ?-?-?     14.397     21.119      0.861      1753594 
            ?-?-?     14.414     14.411      0.878     74570456 
            ?-?-?     21.137     14.425      0.879      3073664 
            ?-?-?     20.725     14.419      0.879      1268712 
            ?-?-?     23.710     14.446      0.879      1895187 
            ?-?-?     25.025     14.419      0.885       729728 
            ?-?-?     25.042     25.042      1.138     27609434 
            ?-?-?     23.712     25.023      1.138      1667953 
            ?-?-?     21.071     25.039      1.136      2501336 
            ?-?-?     21.063     21.070      1.248     19787866 
            ?-?-?     23.697     21.074      1.248      9300104 
            ?-?-?     25.048     21.049      1.251      2510633 
            ?-?-?     14.417     21.033      1.247       830146 
            ?-?-?     23.732     23.741      0.997     35724332 
            ?-?-?     21.059     23.699      0.996     10006120 
            ?-?-?     14.438     23.663      0.999      1339696 
            ?-?-?     22.129     22.127      0.821     30940886 
            ?-?-?     21.421     22.118      0.821      7117827 
            ?-?-?     23.810     22.059      0.821      7417393 
            ?-?-?     24.432     22.085      0.822      2694131 
            ?-?-?     25.393     22.114      0.825      2411575 
            ?-?-?     28.145     22.095      0.821      2320997 
            ?-?-?     18.483     22.244      0.866     14709880 
            ?-?-?     28.110     22.171      0.862      6672003 
            ?-?-?     25.410     22.046      0.869      3445427 
            ?-?-?     18.487     18.483      0.573      8785261 
            ?-?-?     22.369     18.482      0.573      7262516 
            ?-?-?     23.759     18.466      0.576       806114 
            ?-?-?     22.202     22.176      0.862     42254840 
            ?-?-?     23.651     22.174      0.863     11620514 
            ?-?-?     24.988     22.179      0.861      1812722 
            ?-?-?     15.505     22.386      0.881      1462477 
            ?-?-?     19.120     19.125      1.590     43237452 
            ?-?-?     18.916     18.907      1.417    120815584 
            ?-?-?     19.268     19.264      1.417    575993024 
            ?-?-?     15.494     15.490      0.678     47415696 
            ?-?-?     20.017     15.498      0.673       806027 
            ?-?-?     22.336     15.511      0.676      1576460 
            ?-?-?     15.512     15.468      0.673     44643288 
            ?-?-?     14.410     20.729      0.881       964005 
            ?-?-?     18.433     21.166      0.856       716821 
            ?-?-?     18.495     23.848      1.002      3758515 
            ?-?-?     28.113     23.858      1.002      7501841 
            ?-?-?     25.413     23.860      1.000      5386632 
            ?-?-?     24.441     23.853      0.997      1659362 
            ?-?-?     22.123     23.857      1.003      9363091 
            ?-?-?     18.169     18.170      1.454     29076056 
            ?-?-?     19.439     18.127      1.453       640226 
            ?-?-?     17.834     17.831      1.474     52875940 
            ?-?-?     15.840     17.814      1.473      1386044 
            ?-?-?     25.685     17.885      1.472       755580 
            ?-?-?     15.854     23.566      1.056      5486872 
            ?-?-?     20.754     23.545      1.059      2531822 
            ?-?-?     25.746     23.450      1.064     21807314 
            ?-?-?     26.253     23.367      1.069     15864886 
            ?-?-?     23.409     23.408      1.067     57564860 
            ?-?-?     20.958     23.408      1.069      3469558 
            ?-?-?     19.970     23.405      1.068      1195728 
            ?-?-?     15.854     23.566      1.056      5486872 
            ?-?-?     22.682     22.678      1.086    109487544 
            ?-?-?     20.872     22.683      1.086     46854052 
            ?-?-?     20.461     22.715      1.088      1041402 
            ?-?-?     23.388     22.688      1.085      1004665 
            ?-?-?     26.974     22.684      1.087      1040351 
            ?-?-?     25.681     25.688      0.839     56042000 
            ?-?-?     23.550     25.685      0.838     19178090 
            ?-?-?     21.144     25.662      0.840      1746851 
            ?-?-?     20.728     25.667      0.840      2366684 
            ?-?-?     17.856     25.684      0.839       840063 
            ?-?-?     15.867     25.681      0.839      4270526 
            ?-?-?     22.796     22.796      0.154     32091572 
            ?-?-?     25.291     22.795      0.154     11842863 
            ?-?-?     15.849     22.806      0.155      3700815 
            ?-?-?     17.415     22.797      0.155      2052586 
            ?-?-?     19.596     22.836      0.146       762510 
            ?-?-?     23.537     22.741      0.155       747062 
            ?-?-?     25.292     25.291     -0.110     16622138 
            ?-?-?     25.688     25.307     -0.114      1459836 
            ?-?-?     23.551     25.274     -0.110      1405858 
            ?-?-?     22.799     25.288     -0.110     10791063 
            ?-?-?     17.400     25.322     -0.111       748302 
            ?-?-?     15.860     25.290     -0.111      5713538 
            ?-?-?     15.857     15.859      0.948     23491314 
            ?-?-?     17.821     15.841      0.946       973826 
            ?-?-?     22.801     15.849      0.950      2736804 
            ?-?-?     23.556     15.871      0.948      4973279 
            ?-?-?     25.689     15.867      0.949      3989485 
            ?-?-?     25.289     15.856      0.949      5165377 
            ?-?-?     15.658     15.650      1.045     25294622 
            ?-?-?     25.254     15.625      1.047       670029 
            ?-?-?     18.479     18.476      0.866     17655432 
            ?-?-?     21.407     18.501      0.868      2133426 
            ?-?-?     22.184     18.484      0.866     13458545 
            ?-?-?     23.674     18.467      0.866      4964130 
            ?-?-?     25.408     18.485      0.866      4663614 
            ?-?-?     24.979     18.453      0.862      1950471 
            ?-?-?     28.116     18.471      0.866      6590384 
            ?-?-?     15.505     22.386      0.881      1462477 
            ?-?-?     23.441     23.440      0.766    191260304 
            ?-?-?     24.948     23.440      0.766     64608036 
            ?-?-?     22.210     23.454      0.765      1690854 
            ?-?-?     18.472     23.509      0.766      1252368 
            ?-?-?     24.945     24.948      0.740    125203896 
            ?-?-?     23.440     24.952      0.739     55229596 
            ?-?-?     22.235     24.986      0.739      1342226 
            ?-?-?     18.496     24.923      0.736      1457631 
            ?-?-?     20.070     20.072     -0.871     14179967 
            ?-?-?     13.664     13.664      0.020     75444304 
            ?-?-?     17.376     13.646      0.016       914418 
            ?-?-?     19.629     13.668      0.020      4397437 
            ?-?-?     20.548     13.675      0.021      7390162 
            ?-?-?     23.355     13.680      0.021      1472705 
            ?-?-?     23.359     23.360      1.792     44070980 
            ?-?-?     20.552     23.405      1.791       977413 
            ?-?-?     19.672     23.373      1.797       934705 
            ?-?-?     13.681     23.295      1.791      1213408 
            ?-?-?     19.692     19.692     -0.385     24534116 
            ?-?-?     16.429     19.695     -0.385      6939998 
            ?-?-?     23.367     19.670     -0.386      1606962 
            ?-?-?     22.558     19.696     -0.385      4204306 
            ?-?-?     28.179     19.693     -0.385     11734306 
            ?-?-?     26.944     19.696     -0.385      4857830 
            ?-?-?     28.180     28.179      0.509     17028976 
            ?-?-?     26.949     28.182      0.509      8749243 
            ?-?-?     23.392     28.199      0.510      3002477 
            ?-?-?     22.543     28.184      0.509      6606559 
            ?-?-?     19.692     28.176      0.509      9423735 
            ?-?-?     16.457     28.209      0.508      2581552 
            ?-?-?     22.530     22.525      0.811     27987260 
            ?-?-?     23.428     22.509      0.812      3172544 
            ?-?-?     26.934     22.531      0.812     23780964 
            ?-?-?     28.177     22.511      0.812      7192247 
            ?-?-?     19.688     22.541      0.812      3295500 
            ?-?-?     16.437     22.532      0.810       808415 
            ?-?-?     26.927     26.920      1.003     65676796 
            ?-?-?     28.186     26.928      1.003      4262588 
            ?-?-?     22.538     26.922      1.003     18561648 
            ?-?-?     23.385     26.949      1.003      2359090 
            ?-?-?     19.687     26.905      1.001      1988542 
            ?-?-?     20.537     20.524      1.108     31142954 
            ?-?-?     19.622     20.533      1.108      7261949 
            ?-?-?     17.425     20.554      1.108      1727082 
            ?-?-?     13.669     20.544      1.109      4915057 
            ?-?-?     20.703     20.712      1.331     66086740 
            ?-?-?     19.620     20.720      1.331      8418725 
            ?-?-?     17.418     20.767      1.332      1593004 
            ?-?-?     13.647     20.744      1.331      1196586 
            ?-?-?     17.424     17.420      1.062     26439246 
            ?-?-?     12.028     17.442      1.061      2806134 
            ?-?-?     20.576     17.403      1.064      2243491 
            ?-?-?     19.621     17.408      1.063      3390420 
            ?-?-?     22.837     17.441      1.064      1508369 
            ?-?-?     19.624     19.625      0.533     11416590 
            ?-?-?     20.623     19.629      0.533     11103926 
            ?-?-?     17.431     19.607      0.533      3848829 
            ?-?-?     13.669     19.624      0.532      2609404 
            ?-?-?     12.015     12.017      0.153    177454544 
            ?-?-?     17.423     12.013      0.153      7874920 
            ?-?-?     19.629     12.043      0.153      1137600 
            ?-?-?     20.518     12.016      0.156       965034 
            ?-?-?     22.803     12.009      0.149       757461 
            ?-?-?     18.209     18.209      1.635     54307896 
            ?-?-?     19.378     18.217      1.636      1213071 
            ?-?-?     20.457     18.208      1.636      8953036 
            ?-?-?     18.524     18.525      1.079     11236747 
            ?-?-?     19.368     18.539      1.079      3573852 
            ?-?-?     20.460     18.523      1.079     11171944 
            ?-?-?     16.443     18.564      1.079       735344 
            ?-?-?     20.459     20.459      1.042     49768956 
            ?-?-?     19.357     20.463      1.041      3979184 
            ?-?-?     18.514     20.457      1.042     13777710 
            ?-?-?     16.395     20.547      1.039       918320 
            ?-?-?     19.328     19.326      1.273      7592256 
            ?-?-?     20.449     19.338      1.271      2266065 
            ?-?-?     18.536     19.352      1.270      2653733 
            ?-?-?     18.133     19.295      1.275       856814 
            ?-?-?     16.447     19.371      1.270      1808542 
            ?-?-?     16.426     16.421      1.089     17800156 
            ?-?-?     19.681     16.431      1.089      5090960 
            ?-?-?     20.426     16.381      1.097       778970 
            ?-?-?     22.499     16.457      1.095       906630 
            ?-?-?     28.180     16.434      1.088      2284448 
            ?-?-?     20.871     20.875      0.982    118229336 
            ?-?-?     22.683     20.875      0.982     37368924 
            ?-?-?     26.924     20.816      0.987       728963 
            ?-?-?     23.388     23.393      1.340     24104426 
            ?-?-?     22.547     23.390      1.339      3109286 
            ?-?-?     19.728     23.411      1.342      1357017 
            ?-?-?     26.954     23.392      1.340     13763676 
            ?-?-?     28.180     23.404      1.340      3130912 
            ?-?-?     26.950     26.958      0.774     21456380 
            ?-?-?     28.189     26.960      0.775      5303334 
            ?-?-?     23.379     26.950      0.774      9366520 
            ?-?-?     22.555     26.957      0.774      6066900 
            ?-?-?     19.699     26.984      0.773      2469025 
            ?-?-?     16.549     27.130      0.782       469114 
            ?-?-?     16.355     27.021      0.760       700307 
            ?-?-?     16.403     27.028      0.767       738620 
            ?-?-?     22.232     22.240      1.012     72064648 
            ?-?-?     23.632     22.233      1.012     23711366 
            ?-?-?     18.480     22.242      1.011      4495624 
            ?-?-?     25.396     22.219      1.009      1012224 
            ?-?-?     28.104     22.221      1.011      2957288 
            ?-?-?     23.630     23.624      1.244     56930984 
            ?-?-?     22.224     23.628      1.244     33974568 
            ?-?-?     18.477     23.634      1.244      4170480 
            ?-?-?     28.111     23.628      1.244      2818262 
            ?-?-?     26.997     23.566      1.248       747233 
            ?-?-?     28.111     28.110      1.009     13503700 
            ?-?-?     25.409     28.101      1.006      2124717 
            ?-?-?     23.813     28.130      1.010      5826829 
            ?-?-?     22.182     28.111      1.009      9005145 
            ?-?-?     21.408     28.129      1.011      2099744 
            ?-?-?     18.474     28.126      1.010      5709108 
            ?-?-?     21.407     21.406     -0.110     25192914 
            ?-?-?     18.481     21.410     -0.110      1781056 
            ?-?-?     24.429     21.408     -0.109      2501896 
            ?-?-?     23.850     21.384     -0.109      4109632 
            ?-?-?     25.401     21.405     -0.110     12956997 
            ?-?-?     28.116     21.393     -0.110      1780188 
            ?-?-?     21.818     21.396     -0.110      4984591 
            ?-?-?     22.081     21.407     -0.110      4563931 
            ?-?-?     18.484     25.399      0.410      4530585 
            ?-?-?     22.146     25.404      0.411      4659464 
            ?-?-?     21.811     25.411      0.411      3411102 
            ?-?-?     21.411     25.409      0.411     12869898 
            ?-?-?     23.841     25.399      0.411      4282357 
            ?-?-?     24.385     25.434      0.411      1256684 
            ?-?-?     25.400     25.406      0.411     26331690 
            ?-?-?     28.119     25.391      0.411      2691702 
            ?-?-?     24.441     21.439      0.853      6739868 
            ?-?-?     25.395     21.456      0.853      1692219 
            ?-?-?     21.415     24.424     -0.128      6920190 
            ?-?-?     24.424     24.426     -0.128      4466552 
            ?-?-?     23.861     24.421     -0.127      1054671 
            ?-?-?     25.389     24.434     -0.129      1126452 
            ?-?-?     14.266     14.262      0.674    132309160 
            ?-?-?     19.109     14.273      0.674      1238077 
            ?-?-?     18.519     14.259      0.672      2166108 
            ?-?-?     21.311     14.264      0.674     26393562 
            ?-?-?     22.643     14.284      0.673      3701401 
            ?-?-?     20.733     14.249      0.673      2089096 
            ?-?-?     22.631     22.633      0.717     26800612 
            ?-?-?     24.240     22.638      0.716      2625355 
            ?-?-?     25.948     22.659      0.717      1953266 
            ?-?-?     21.388     22.577      0.716      1983379 
            ?-?-?     20.750     22.651      0.718      2405281 
            ?-?-?     18.497     22.631      0.717      5431657 
            ?-?-?     14.282     22.613      0.717      1635751 
            ?-?-?     25.435     25.982      0.667     28446142 
            ?-?-?     25.968     25.970      0.665    123522936 
            ?-?-?     24.229     25.933      0.663     23416294 
            ?-?-?     22.589     25.981      0.665     11184881 
            ?-?-?     20.901     25.990      0.666     11841708 
            ?-?-?     19.945     25.993      0.666     10352387 
            ?-?-?     18.505     25.944      0.661      7646786 
            ?-?-?     19.454     25.942      0.663      5180039 
            ?-?-?     19.222     25.932      0.663      4974834 
            ?-?-?     12.932     25.992      0.666      8793001 
            ?-?-?     17.100     25.925      0.664       896479 
            ?-?-?     24.230     24.230      0.567     79205984 
            ?-?-?     25.935     24.228      0.567     25851326 
            ?-?-?     22.632     24.213      0.568      2933973 
            ?-?-?     20.730     24.220      0.567      4154136 
            ?-?-?     19.408     24.204      0.565      2696002 
            ?-?-?     18.504     24.228      0.567      6022539 
            ?-?-?     19.153     24.245      0.565      2320072 
            ?-?-?     22.592     22.585      1.150     19432482 
            ?-?-?     20.949     22.597      1.147      4803668 
            ?-?-?     19.934     22.578      1.153      2631323 
            ?-?-?     12.935     22.581      1.151      8868304 
            ?-?-?     24.023     22.565      1.152      1512233 
            ?-?-?     25.975     22.583      1.151      7869790 
            ?-?-?     25.427     22.583      1.151      7237990 
            ?-?-?     24.982     22.586      1.150      1595186 
            ?-?-?     24.082     24.079      1.259     72741160 
            ?-?-?     25.669     24.080      1.259     23407006 
            ?-?-?     19.928     24.087      1.261      1780013 
            ?-?-?     22.554     24.075      1.262      1605323 
            ?-?-?     25.092     25.792      1.015     57104508 
            ?-?-?     25.767     25.773      1.016    251883536 
            ?-?-?     23.936     25.777      1.017     18828572 
            ?-?-?     20.999     25.740      1.015      1945879 
            ?-?-?     17.095     25.771      1.017      1706367 
            ?-?-?     19.942     25.770      1.031       821223 
            ?-?-?     17.269     17.268      0.038     66969052 
            ?-?-?     12.929     12.932     -0.590     41921088 
            ?-?-?     19.946     12.938     -0.590      4264228 
            ?-?-?     20.973     12.932     -0.590      8699056 
            ?-?-?     22.581     12.931     -0.590     13281647 
            ?-?-?     23.966     12.957     -0.589      1143451 
            ?-?-?     23.464     12.918     -0.591      1365923 
            ?-?-?     25.977     12.939     -0.590     11015889 
            ?-?-?     25.433     12.936     -0.589      9410970 
            ?-?-?     24.935     12.935     -0.590      2158973 
            ?-?-?     25.426     25.431      0.649    115553848 
            ?-?-?     23.909     25.431      0.649      9363788 
            ?-?-?     22.579     25.444      0.649      9880758 
            ?-?-?     20.979     25.446      0.650      6619937 
            ?-?-?     19.950     25.437      0.649      6002535 
            ?-?-?     17.105     25.399      0.651      1515176 
            ?-?-?     12.942     25.428      0.650      8070198 
            ?-?-?     25.094     25.100      1.012    291232992 
            ?-?-?     25.778     25.098      1.011     55359480 
            ?-?-?     23.911     25.101      1.012     13871295 
            ?-?-?     21.007     25.115      1.013      2262636 
            ?-?-?     17.115     25.122      1.013      2046643 
            ?-?-?     17.122     17.116     -0.068     14648239 
            ?-?-?     20.992     17.120     -0.068     11081039 
            ?-?-?     23.962     17.145     -0.063       863635 
            ?-?-?     25.833     17.103     -0.066      1200170 
            ?-?-?     25.087     17.117     -0.066      1450101 
            ?-?-?     20.971     20.946     -0.321     24890856 
            ?-?-?     17.113     20.988     -0.322     10150667 
            ?-?-?     25.124     20.909     -0.326      1081550 
            ?-?-?     19.857     19.860      1.344      9810586 
            ?-?-?     24.072     19.980      1.344       841139 
            ?-?-?     25.670     19.986      1.346       681178 
            ?-?-?     23.908     23.906      1.452     20377088 
            ?-?-?     24.619     23.919      1.451      2834516 
            ?-?-?     25.098     23.910      1.451     10329389 
            ?-?-?     25.801     23.907      1.452     13508956 
            ?-?-?     21.017     23.902      1.451       797304 
            ?-?-?     19.976     23.984      1.450       834709 
            ?-?-?     19.477     23.886      1.452       952984 
            ?-?-?     24.594     24.590      1.398     32119438 
            ?-?-?     23.916     24.582      1.397      2906476 
            ?-?-?     25.033     24.601      1.399      1678951 
            ?-?-?     25.845     24.628      1.401      1724527 
            ?-?-?     21.102     24.589      1.398      1785272 
            ?-?-?     19.449     24.598      1.400      3281379 
            ?-?-?     18.506     24.626      1.404       691521 
            ?-?-?     19.174     19.169     -0.064     31451382 
            ?-?-?     18.510     19.172     -0.065      5035622 
            ?-?-?     21.143     19.167     -0.063      3788133 
            ?-?-?     20.731     19.168     -0.064      7519667 
            ?-?-?     22.656     19.221     -0.064       849904 
            ?-?-?     24.593     19.187     -0.064      2669090 
            ?-?-?     24.234     19.160     -0.064      2176315 
            ?-?-?     25.928     19.165     -0.065      4350310 
            ?-?-?     14.290     19.163     -0.066       685224 
            ?-?-?     19.467     19.482     -0.290     29358544 
            ?-?-?     18.510     19.491     -0.289      4085916 
            ?-?-?     20.733     19.485     -0.288      6221197 
            ?-?-?     21.140     19.462     -0.288      1817428 
            ?-?-?     22.607     19.440     -0.290       859135 
            ?-?-?     24.594     19.490     -0.288      2701050 
            ?-?-?     24.228     19.471     -0.289      2041345 
            ?-?-?     25.919     19.482     -0.289      4678914 
            ?-?-?     21.153     21.132      0.766     62253132 
            ?-?-?     14.270     21.132      0.766     16513930 
            ?-?-?     18.490     21.151      0.764      2354436 
            ?-?-?     19.188     21.145      0.766      3761555 
            ?-?-?     22.624     21.175      0.761      1536738 
            ?-?-?     24.603     21.133      0.767      1510341 
            ?-?-?     25.945     21.151      0.767       808889 
            ?-?-?     21.376     21.398      0.578     46174852 
            ?-?-?     19.215     21.377      0.577      2222294 
            ?-?-?     18.505     21.407      0.578      4577057 
            ?-?-?     14.269     21.396      0.579     17065440 
            ?-?-?     22.596     21.425      0.580      2815450 
            ?-?-?     19.194     18.486      0.254      5289648 
            ?-?-?     18.503     18.502      0.253     28261278 
            ?-?-?     14.268     18.465      0.256      1350988 
            ?-?-?     21.378     18.513      0.254      4004268 
            ?-?-?     20.732     18.501      0.254     13012730 
            ?-?-?     22.630     18.498      0.254      6017586 
            ?-?-?     24.591     18.498      0.256       920414 
            ?-?-?     24.229     18.496      0.254      5416053 
            ?-?-?     25.935     18.495      0.253      7823639 
            ?-?-?     20.754     20.759     -0.315     17676042 
            ?-?-?     18.505     20.741     -0.318     12298324 
            ?-?-?     19.419     20.750     -0.318      6602734 
            ?-?-?     19.201     20.753     -0.318      7425208 
            ?-?-?     22.649     20.722     -0.318      2040469 
            ?-?-?     24.216     20.756     -0.317      3627228 
            ?-?-?     25.928     20.757     -0.319      7058514 
            ?-?-?     20.965     19.941      0.657     11440308 
            ?-?-?     19.932     19.930      0.658     31520872 
            ?-?-?     12.928     19.956      0.658      3858289 
            ?-?-?     22.572     19.941      0.657      3234712 
            ?-?-?     23.642     19.937      0.656      2934658 
            ?-?-?     25.957     19.947      0.657     13314003 
            ?-?-?     25.368     19.936      0.657      7430638 
            ?-?-?     24.885     19.952      0.657     15302038 
            ?-?-?     20.965     20.973      0.587     19073502 
            ?-?-?     19.941     20.967      0.587     10324810 
            ?-?-?     12.934     20.967      0.587      7456849 
            ?-?-?     22.579     20.981      0.588      4450006 
            ?-?-?     23.416     20.957      0.587      3764454 
            ?-?-?     25.967     20.967      0.588     10848291 
            ?-?-?     25.424     20.961      0.588      5722420 
            ?-?-?     24.903     20.958      0.587      4740942 
            ?-?-?     26.254     26.243      0.940     28552306 
            ?-?-?     23.375     26.257      0.942     17587282 
            ?-?-?     20.975     26.207      0.940      5274552 
            ?-?-?     19.975     26.271      0.942      2630876 
            ?-?-?     12.933     26.328      0.942      1399310 
            ?-?-?     23.629     23.626      0.934    145271120 
            ?-?-?     26.240     23.625      0.935      8051704 
            ?-?-?     25.806     23.627      0.934     39956244 
            ?-?-?     22.582     23.626      0.938       959807 
            ?-?-?     20.982     23.622      0.935      3350273 
            ?-?-?     19.937     23.619      0.936      3084849 
            ?-?-?     25.800     25.801      0.942     93728528 
            ?-?-?     25.056     25.801      0.943      9564783 
            ?-?-?     23.619     25.803      0.942     36020436 
            ?-?-?     22.651     25.881      0.943      1220114 
            ?-?-?     19.945     25.876      0.941      3855216 
            ?-?-?     20.953     25.902      0.941      4740165 
            ?-?-?     25.126     25.136      0.849    251069376 
            ?-?-?     25.841     25.140      0.849      8628387 
            ?-?-?     22.558     25.106      0.851      1001553 
            ?-?-?     20.962     25.141      0.851      2130238 
            ?-?-?     19.948     25.136      0.849      6373460 
            ?-?-?     24.871     24.862      0.775    187922224 
            ?-?-?     25.850     24.861      0.775     12174877 
            ?-?-?     22.585     24.854      0.775      2003054 
            ?-?-?     20.967     24.856      0.776      5471814 
            ?-?-?     19.944     24.860      0.775     14983724 
            ?-?-?     12.963     24.847      0.778      1414114 
            ?-?-?     24.114     24.832      0.776      1389873 
            ?-?-?     25.153     23.587      1.001      2588160 
            ?-?-?     24.999     23.628      0.934      8648683 
